000000 000000 000000 000000 000000 000000 000000 000000
000000 000000 000000 000000 000000 000000 000000 000000
000000 000000 000000 000000 000000 000000 000000 000000
000000 000000 000000 000000 000000 000000 000000 000000
000000 000000 000000 000000 000000 000000 000000 000000
000000 000000 000000 000000 000000 000000 000000 000000
000000 000000 000000 000000 000000 000000 000000 000000
000000 000000 000000 000000 000000 000000 000000 000000
000000 000000 000000 000000 000000 000000 000000 000000
000000 000000 000000 000000 000000 000000 000000 000000
000000 000000 000000 000000 000000 000000 000000 000000
000000 000000 000000 000000 000000 000000 000000 000000
000000 000000 000000 000000 000000 000000 000000 000000
000000 000000 000000 000000 000000 000000 000000 000000
000000 000000 000000 8BC34A 8BC34A 000000 000000 000000
000000 000000 000000 8BC34A 000000 000000 000000 000000

000000 000000 000000 000000 000000 000000 000000 000000
000000 000000 000000 000000 000000 000000 000000 000000
000000 000000 000000 000000 000000 000000 000000 000000
000000 000000 000000 000000 000000 000000 000000 000000
000000 000000 000000 000000 000000 000000 000000 000000
000000 000000 000000 000000 000000 000000 000000 000000
000000 000000 000000 000000 000000 000000 000000 000000
000000 000000 000000 000000 000000 000000 000000 000000
000000 000000 000000 000000 000000 000000 000000 000000
000000 000000 000000 000000 000000 000000 000000 000000
000000 000000 000000 000000 000000 000000 000000 000000
000000 000000 000000 000000 000000 000000 000000 000000
000000 000000 000000 000000 000000 000000 000000 000000
000000 000000 8BC34A 8BC34A 8BC34A 000000 000000 000000
000000 000000 000000 8BC34A 8BC34A 000000 000000 000000
000000 000000 000000 8BC34A 000000 000000 000000 000000

000000 000000 000000 000000 000000 000000 000000 000000
000000 000000 000000 000000 000000 000000 000000 000000
000000 000000 000000 000000 000000 000000 000000 000000
000000 000000 000000 000000 000000 000000 000000 000000
000000 000000 000000 000000 000000 000000 000000 000000
000000 000000 000000 000000 000000 000000 000000 000000
000000 000000 000000 000000 000000 000000 000000 000000
000000 000000 000000 000000 000000 000000 000000 000000
000000 000000 000000 000000 000000 000000 000000 000000
000000 000000 000000 000000 000000 000000 000000 000000
000000 000000 000000 000000 000000 000000 000000 000000
000000 000000 000000 000000 000000 000000 000000 000000
000000 8BC34A 8BC34A 8BC34A 000000 8BC34A 000000 000000
000000 000000 8BC34A 8BC34A 8BC34A 000000 000000 000000
000000 000000 000000 8BC34A 8BC34A 000000 000000 000000
000000 000000 000000 8BC34A 000000 000000 000000 000000

000000 000000 000000 000000 000000 000000 000000 000000
000000 000000 000000 000000 000000 000000 000000 000000
000000 000000 000000 000000 000000 000000 000000 000000
000000 000000 000000 000000 000000 000000 000000 000000
000000 000000 000000 000000 000000 000000 000000 000000
000000 000000 000000 000000 000000 000000 000000 000000
000000 000000 000000 000000 000000 000000 000000 000000
000000 000000 000000 000000 000000 000000 000000 000000
000000 000000 000000 000000 000000 000000 000000 000000
000000 000000 000000 8BC34A 000000 000000 000000 000000
000000 000000 000000 8BC34A 000000 000000 000000 000000
000000 000000 000000 8BC34A 000000 000000 000000 000000
000000 8BC34A 8BC34A 8BC34A 000000 8BC34A 000000 000000
000000 000000 8BC34A 8BC34A 8BC34A 000000 000000 000000
000000 000000 000000 8BC34A 8BC34A 000000 000000 000000
000000 000000 000000 8BC34A 000000 000000 000000 000000

000000 000000 000000 000000 000000 000000 000000 000000
000000 000000 000000 000000 000000 000000 000000 000000
000000 000000 000000 000000 000000 000000 000000 000000
000000 000000 000000 000000 000000 000000 000000 000000
000000 000000 000000 000000 000000 000000 000000 000000
000000 000000 000000 000000 000000 000000 000000 000000
000000 000000 000000 000000 000000 000000 000000 000000
000000 000000 000000 000000 000000 000000 000000 000000
000000 000000 000000 000000 8BC34A 000000 000000 000000
000000 000000 000000 8BC34A 8BC34A 000000 000000 000000
000000 000000 000000 8BC34A 000000 000000 000000 000000
000000 000000 000000 8BC34A 000000 000000 000000 000000
000000 8BC34A 8BC34A 8BC34A 000000 8BC34A 000000 000000
000000 000000 8BC34A 8BC34A 8BC34A 000000 000000 000000
000000 000000 000000 8BC34A 8BC34A 000000 000000 000000
000000 000000 000000 8BC34A 000000 000000 000000 000000

000000 000000 000000 000000 000000 000000 000000 000000
000000 000000 000000 000000 000000 000000 000000 000000
000000 000000 000000 000000 000000 000000 000000 000000
000000 000000 000000 000000 000000 000000 000000 000000
000000 000000 000000 000000 000000 000000 000000 000000
000000 000000 000000 000000 000000 000000 000000 000000
000000 000000 000000 000000 000000 000000 000000 000000
000000 000000 FFFFFF FFFFFF FFFFFF 000000 000000 000000
000000 000000 000000 FFFFFF 8BC34A 000000 000000 000000
000000 000000 000000 8BC34A 8BC34A 000000 000000 000000
000000 000000 000000 8BC34A 000000 000000 000000 000000
000000 000000 000000 8BC34A 000000 000000 000000 000000
000000 8BC34A 8BC34A 8BC34A 000000 8BC34A 000000 000000
000000 000000 8BC34A 8BC34A 8BC34A 000000 000000 000000
000000 000000 000000 8BC34A 8BC34A 000000 000000 000000
000000 000000 000000 8BC34A 000000 000000 000000 000000

000000 000000 000000 000000 000000 000000 000000 000000
000000 000000 000000 000000 000000 000000 000000 000000
000000 000000 000000 000000 000000 000000 000000 000000
000000 000000 000000 000000 000000 000000 000000 000000
000000 000000 000000 000000 000000 000000 000000 000000
000000 000000 000000 000000 000000 000000 000000 000000
000000 FFFFFF FFFFFF FFEB3B FFFFFF FFFFFF 000000 000000
000000 000000 FFFFFF FFFFFF FFFFFF 000000 000000 000000
000000 000000 000000 FFFFFF 8BC34A 000000 000000 000000
000000 000000 000000 8BC34A 8BC34A 000000 000000 000000
000000 000000 000000 8BC34A 000000 000000 000000 000000
000000 000000 000000 8BC34A 000000 000000 000000 000000
000000 8BC34A 8BC34A 8BC34A 000000 8BC34A 000000 000000
000000 000000 8BC34A 8BC34A 8BC34A 000000 000000 000000
000000 000000 000000 8BC34A 8BC34A 000000 000000 000000
000000 000000 000000 8BC34A 000000 000000 000000 000000

000000 000000 000000 000000 000000 000000 000000 000000
000000 000000 000000 000000 000000 000000 000000 000000
000000 000000 000000 000000 000000 000000 000000 000000
000000 000000 000000 000000 000000 000000 000000 000000
000000 000000 000000 000000 000000 000000 000000 000000
FFFFFF FFFFFF FFEB3B FFEB3B FFEB3B FFFFFF FFFFFF 000000
000000 FFFFFF FFFFFF FFEB3B FFFFFF FFFFFF 000000 000000
000000 000000 FFFFFF FFFFFF FFFFFF 000000 000000 000000
000000 000000 000000 FFFFFF 8BC34A 000000 000000 000000
000000 000000 000000 8BC34A 8BC34A 000000 000000 000000
000000 000000 000000 8BC34A 000000 000000 000000 000000
000000 000000 000000 8BC34A 000000 000000 000000 000000
000000 8BC34A 8BC34A 8BC34A 000000 8BC34A 000000 000000
000000 000000 8BC34A 8BC34A 8BC34A 000000 000000 000000
000000 000000 000000 8BC34A 8BC34A 000000 000000 000000
000000 000000 000000 8BC34A 000000 000000 000000 000000

000000 000000 000000 000000 000000 000000 000000 000000
000000 000000 000000 000000 000000 000000 000000 000000
000000 000000 000000 000000 000000 000000 000000 000000
000000 000000 000000 000000 000000 000000 000000 000000
000000 FFFFFF FFFFFF FFEB3B FFFFFF FFFFFF 000000 000000
FFFFFF FFFFFF FFEB3B FFEB3B FFEB3B FFFFFF FFFFFF 000000
000000 FFFFFF FFFFFF FFEB3B FFFFFF FFFFFF 000000 000000
000000 000000 FFFFFF FFFFFF FFFFFF 000000 000000 000000
000000 000000 000000 FFFFFF 8BC34A 000000 000000 000000
000000 000000 000000 8BC34A 8BC34A 000000 000000 000000
000000 000000 000000 8BC34A 000000 000000 000000 000000
000000 000000 000000 8BC34A 000000 000000 000000 000000
000000 8BC34A 8BC34A 8BC34A 000000 8BC34A 000000 000000
000000 000000 8BC34A 8BC34A 8BC34A 000000 000000 000000
000000 000000 000000 8BC34A 8BC34A 000000 000000 000000
000000 000000 000000 8BC34A 000000 000000 000000 000000

000000 000000 000000 000000 000000 000000 000000 000000
000000 000000 000000 000000 000000 000000 000000 000000
000000 000000 000000 000000 000000 000000 000000 000000
000000 000000 FFFFFF FFFFFF FFFFFF 000000 000000 000000
000000 FFFFFF FFFFFF FFEB3B FFFFFF FFFFFF 000000 000000
FFFFFF FFFFFF FFEB3B FFEB3B FFEB3B FFFFFF FFFFFF 000000
000000 FFFFFF FFFFFF FFEB3B FFFFFF FFFFFF 000000 000000
000000 000000 FFFFFF FFFFFF FFFFFF 000000 000000 000000
000000 000000 000000 FFFFFF 8BC34A 000000 000000 000000
000000 000000 000000 8BC34A 8BC34A 000000 000000 000000
000000 000000 000000 8BC34A 000000 000000 000000 000000
000000 000000 000000 8BC34A 000000 000000 000000 000000
000000 8BC34A 8BC34A 8BC34A 000000 8BC34A 000000 000000
000000 000000 8BC34A 8BC34A 8BC34A 000000 000000 000000
000000 000000 000000 8BC34A 8BC34A 000000 000000 000000
000000 000000 000000 8BC34A 000000 000000 000000 000000

000000 000000 000000 000000 000000 000000 000000 000000
000000 000000 000000 000000 000000 000000 000000 000000
000000 000000 000000 FFFFFF 000000 000000 000000 000000
000000 000000 FFFFFF FFFFFF FFFFFF 000000 000000 000000
000000 FFFFFF FFFFFF FFEB3B FFFFFF FFFFFF 000000 000000
FFFFFF FFFFFF FFEB3B FFEB3B FFEB3B FFFFFF FFFFFF 000000
000000 FFFFFF FFFFFF FFEB3B FFFFFF FFFFFF 000000 000000
000000 000000 FFFFFF FFFFFF FFFFFF 000000 000000 000000
000000 000000 000000 FFFFFF 8BC34A 000000 000000 000000
000000 000000 000000 8BC34A 8BC34A 000000 000000 000000
000000 000000 000000 8BC34A 000000 000000 000000 000000
000000 000000 000000 8BC34A 000000 000000 000000 000000
000000 8BC34A 8BC34A 8BC34A 000000 8BC34A 000000 000000
000000 000000 8BC34A 8BC34A 8BC34A 000000 000000 000000
000000 000000 000000 8BC34A 8BC34A 000000 000000 000000
4CAF4F 000000 000000 8BC34A 000000 000000 4CAF4F 000000

000000 000000 000000 000000 000000 000000 000000 000000
000000 000000 000000 000000 000000 000000 000000 000000
000000 000000 000000 FFFFFF 000000 000000 000000 000000
000000 000000 FFFFFF FFFFFF FFFFFF 000000 000000 000000
000000 FFFFFF FFFFFF FFEB3B FFFFFF FFFFFF 000000 000000
FFFFFF FFFFFF FFEB3B FFEB3B FFEB3B FFFFFF FFFFFF 000000
000000 FFFFFF FFFFFF FFEB3B FFFFFF FFFFFF 000000 000000
000000 000000 FFFFFF FFFFFF FFFFFF 000000 000000 000000
000000 000000 000000 FFFFFF 8BC34A 000000 000000 000000
000000 000000 000000 8BC34A 8BC34A 000000 000000 000000
000000 000000 000000 8BC34A 000000 000000 000000 000000
000000 000000 000000 8BC34A 000000 000000 000000 000000
000000 8BC34A 8BC34A 8BC34A 000000 8BC34A 000000 000000
000000 000000 8BC34A 8BC34A 8BC34A 000000 000000 000000
4CAF4F 000000 000000 8BC34A 8BC34A 000000 4CAF4F 000000
4CAF4F 000000 000000 8BC34A 000000 000000 4CAF4F 000000

000000 000000 000000 000000 000000 000000 000000 000000
000000 000000 000000 000000 000000 000000 000000 000000
000000 000000 000000 FFFFFF 000000 000000 000000 000000
000000 000000 FFFFFF FFFFFF FFFFFF 000000 000000 000000
000000 FFFFFF FFFFFF FFEB3B FFFFFF FFFFFF 000000 000000
FFFFFF FFFFFF FFEB3B FFEB3B FFEB3B FFFFFF FFFFFF 000000
000000 FFFFFF FFFFFF FFEB3B FFFFFF FFFFFF 000000 000000
000000 000000 FFFFFF FFFFFF FFFFFF 000000 000000 000000
000000 000000 000000 FFFFFF 8BC34A 000000 000000 000000
000000 000000 000000 8BC34A 8BC34A 000000 000000 000000
000000 000000 000000 8BC34A 000000 000000 000000 000000
000000 000000 000000 8BC34A 000000 000000 000000 000000
000000 8BC34A 8BC34A 8BC34A 000000 8BC34A 000000 000000
000000 4CAF4F 8BC34A 8BC34A 8BC34A 000000 000000 4CAF4F
4CAF4F 000000 000000 8BC34A 8BC34A 000000 4CAF4F 000000
4CAF4F 000000 000000 8BC34A 000000 000000 4CAF4F 000000